0 1 2.5
0 2 1.7
1 3 3.8
2 4 2.1
3 5 2.6
4 6 1.5
5 7 3.3
6 8 2.9
7 9 1.6
8 10 3.0
9 11 2.8
10 12 1.9
11 13 2.3
12 14 2.7
13 15 3.1
14 16 2.0
15 17 1.8
16 18 3.4
17 19 1.7
18 20 2.5
19 21 2.9
20 22 1.6
21 23 3.2
22 24 2.3
23 25 2.7
24 26 1.5
25 27 3.0
26 28 2.8
27 29 2.1
28 30 1.9
29 31 2.4
30 32 3.5
31 33 2.2
32 34 1.7
33 35 3.1
34 36 2.8
35 37 2.6
36 38 1.9
37 39 3.3
38 40 2.4
39 41 1.8
40 42 2.5
41 43 2.7
42 44 1.6
43 45 3.0
44 46 2.3
45 47 2.9
46 48 1.8
47 49 2.7
